 1.3536E+001   1.4175E+001   4.8526E+000
 1.6086E+001   1.4319E+001   2.6602E+000
 5.1551E+000   1.3204E+001   5.1300E+000
 1.6866E+001   1.4530E+001   2.1731E+000
 1.5819E+001   1.5783E+001   2.3978E+000
 2.1567E+001   1.3012E+001   5.0616E+000
 1.7598E+001   1.3055E+001   6.2607E+000
 1.4959E+001   1.4944E+001   5.8987E+000
 1.6373E+001   1.4761E+001   4.2372E+000
 1.5605E+001   1.5372E+001   2.1704E+000
 2.3622E+001   1.9932E+001   6.8305E+000
 1.5602E+001   1.4459E+001   2.0082E+000
 1.4477E+001   1.5431E+001   1.7566E+000
 1.5821E+001   1.5878E+001   2.2778E+000
 1.5295E+001   1.6343E+001   1.7891E+000
 2.5365E+001   1.1944E+001   4.2649E+000
 1.5910E+001   1.0010E+001   7.0277E+000
 2.0049E+001   1.4049E+001   6.3400E+000
 1.5358E+001   1.4666E+001   3.5390E+000
 1.5416E+001   1.5331E+001   4.6589E+000
 1.5896E+001   1.5277E+001   2.4265E+000
 1.5826E+001   1.6528E+001   4.9730E+000
 1.3192E+001   1.6963E+001   3.7609E+000
 1.1805E+001   1.4620E+001   5.3801E+000
 1.5524E+001   1.4528E+001   2.6101E+000
 2.0612E+001   1.4294E+001   6.2394E+000
 1.5832E+001   1.6548E+001   5.2530E+000
 1.4109E+001   1.6126E+001   2.6068E+000
 1.4897E+001   1.4708E+001   2.2053E+000
 1.5217E+001   1.2803E+001   6.7682E+000
